0 2a 1f 5fcfef 0 0 0 0 0
1 1 1f 5fcfef 0 5fcfef 1 0 0
2 2a 2 5fcff0 0 0 0 0 0
3 2a 1 5fcff0 0 0 0 0 0
4 2a a 405a2 0 0 0 0 0
5 1 a 405a2 0 405a2 1 0 4
6 2a 0 5fcff0 0 0 0 0 0
7 1 0 5fcff0 0 5fcff0 1 0 6
8 1 0 5fcff0 0 5fcff0 1 0 7
9 1 1 5fcff0 0 5fcff0 1 0 3
10 1 1 5fcff0 0 5fcff0 1 0 9
11 2a 9 405a2 0 0 0 0 0
12 2a 7 405a2 0 0 0 0 0
13 2a 6 405a2 0 0 0 0 0
14 2a 5 405a2 0 0 0 0 0
15 1 6 405a2 0 405a2 1 1 13
16 1 6 405a2 0 405a2 1 1 15
17 1 6 405a2 0 405a2 1 1 16
18 2a b 405a2 0 0 0 0 0
19 1 5 405a2 0 405a2 1 1 14
20 1 7 405a2 0 405a2 1 0 12
21 1 7 405a2 0 405a2 1 0 20
22 1 2 5fcff0 0 5fcff0 1 0 2
23 1 2 5fcff0 0 5fcff0 1 0 22
24 1 2 5fcff0 0 5fcff0 1 0 23
25 2a 3 5fcff0 0 0 0 0 0
26 1 3 5fcff0 0 5fcff0 1 0 25
27 1 3 5fcff0 0 5fcff0 1 0 26
28 1 3 5fcff0 0 5fcff0 1 0 27
29 2a 4 5fcff0 0 0 0 0 0
30 1 6 405a2 0 405a2 1 1 17
31 2a 0 5b3d18 0 0 0 0 0
32 1 6 405a2 0 405a2 1 1 30
33 1 5 405a2 0 405a2 1 1 19
34 2a 5 5fcff0 0 0 0 0 0
35 1 5 5fcff0 1 5fcff0 1 0 34
36 1 5 5fcff0 1 5fcff0 1 0 35
37 1 5 5fcff0 1 5fcff0 1 0 36
38 2a 6 5fcff0 0 0 0 0 0
39 1 6 5fcff0 1 5fcff0 1 0 38
40 1 6 5fcff0 1 5fcff0 1 0 39
41 1 5 405a2 0 405a2 1 1 33
42 1 6 5fcff0 1 5fcff0 1 0 40
43 1 6 5fcff0 1 5fcff0 1 1 42
44 1 6 5fcff0 1 5fcff0 1 1 43
45 1 6 5fcff0 1 5fcff0 1 1 44
46 1 6 5fcff0 1 5fcff0 1 1 45
47 1 6 5fcff0 1 5fcff0 1 1 46
48 1 6 5fcff0 1 5fcff0 1 1 47
49 2a 7 5fcff0 0 0 0 0 0
50 2a 8 5fcff0 0 0 0 0 0
51 1 8 5fcff0 0 5fcff0 1 0 50
52 1 8 5fcff0 0 5fcff0 1 0 51
53 1 8 5fcff0 0 5fcff0 1 0 52
54 2a e 5fcff0 0 0 0 0 0
55 2a b 5fcff0 0 0 0 0 0
56 2a 9 5fcff0 0 0 0 0 0
57 1 9 5fcff0 1 5fcff0 1 1 56
58 1 8 5fcff0 0 5fcff0 1 0 53
59 1 8 5fcff0 0 5fcff0 1 1 58
60 1 8 5fcff0 0 5fcff0 1 1 59
61 1 8 5fcff0 0 5fcff0 1 1 60
62 1 7 5fcff0 1 5fcff0 1 0 49
63 1 9 5fcff0 1 5fcff0 1 1 57
64 1 9 5fcff0 1 5fcff0 1 1 63
65 1 5 405a2 0 405a2 1 1 41
66 1 6 5fcff0 1 5fcff0 1 1 48
67 1 6 5fcff0 1 5fcff0 1 1 66
68 1 6 5fcff0 1 5fcff0 1 1 67
69 1 6 5fcff0 1 5fcff0 1 1 68
70 1 6 5fcff0 1 5fcff0 1 1 69
71 1 6 5fcff0 1 5fcff0 1 1 70
72 1 6 5fcff0 1 5fcff0 1 1 71
73 1 6 405a2 0 405a2 1 1 32
74 1 7 405a2 0 405a2 1 1 21
75 1 0 5b3d18 1 5b3d18 1 1 31
76 1 6 405a2 0 405a2 1 1 73
77 1 5 405a2 0 405a2 1 1 65
78 1 6 5fcff0 1 5fcff0 1 1 72
79 1 6 5fcff0 1 5fcff0 1 1 78
80 1 6 5fcff0 1 5fcff0 1 1 79
81 1 6 5fcff0 1 5fcff0 1 1 80
82 1 6 5fcff0 1 5fcff0 1 1 81
83 1 6 5fcff0 1 5fcff0 1 1 82
84 1 6 5fcff0 1 5fcff0 1 1 83
85 1 7 5fcff0 1 5fcff0 1 1 62
86 1 8 5fcff0 0 5fcff0 1 1 61
87 1 8 5fcff0 0 5fcff0 1 1 86
88 1 8 5fcff0 0 5fcff0 1 1 87
89 1 8 5fcff0 0 5fcff0 1 1 88
90 1 e 5fcff0 0 5fcff0 1 0 54
91 1 b 5fcff0 1 5fcff0 1 0 55
92 1 9 5fcff0 1 5fcff0 1 1 64
93 1 9 5fcff0 1 5fcff0 1 1 92
94 1 8 5fcff0 0 5fcff0 1 1 89
95 1 8 5fcff0 0 5fcff0 1 1 94
96 1 8 5fcff0 0 5fcff0 1 1 95
97 1 8 5fcff0 0 5fcff0 1 1 96
98 1 7 5fcff0 1 5fcff0 1 1 85
99 1 9 5fcff0 1 5fcff0 1 1 93
